#ifndef INTERPOLATIONH    /* This is an "include guard" */
#define INTERPOLATIONH    /* prevents the file from being included twice. */
                     /* Including a header file twice causes all kinds */
                     /* of interesting problems.*/

#include <stdio.h>
#include <pthread.h> // for threads
#include <stdlib.h>  // for malloc
#include <sys/time.h> // for gettimeofday

float **MATRIX;
const int WEIGHTS[121][4] = {{0, 0, 0, 100}, {0, 0, 10, 90}, {0, 0, 20, 80}, {0, 0, 30, 70}, {0, 0, 40, 60}, {0, 0, 50, 50}, {0, 0, 60, 40}, {0, 0, 70, 30}, {0, 0, 80, 20}, {0, 0, 90, 10}, {0, 0, 100, 0}, {0, 10, 0, 90}, {1, 9, 9, 81}, {2, 8, 18, 72}, {3, 7, 27, 63}, {4, 6, 36, 54}, {5, 5, 45, 45}, {6, 4, 54, 36}, {7, 3, 63, 27}, {8, 2, 72, 18}, {9, 1, 81, 9}, {10, 0, 90, 0}, {0, 20, 0, 80}, {2, 18, 8, 72}, {4, 16, 16, 64}, {6, 14, 24, 56}, {8, 12, 32, 48}, {10, 10, 40, 40}, {12, 8, 48, 32}, {14, 6, 56, 24}, {16, 4, 64, 16}, {18, 2, 72, 8}, {20, 0, 80, 0}, {0, 30, 0, 70}, {3, 27, 7, 63}, {6, 24, 14, 56}, {9, 21, 21, 49}, {12, 18, 28, 42}, {15, 15, 35, 35}, {18, 12, 42, 28}, {21, 9, 49, 21}, {24, 6, 56, 14}, {27, 3, 63, 7}, {30, 0, 70, 0}, {0, 40, 0, 60}, {4, 36, 6, 54}, {8, 32, 12, 48}, {12, 28, 18, 42}, {16, 24, 24, 36}, {20, 20, 30, 30}, {24, 16, 36, 24}, {28, 12, 42, 18}, {32, 8, 48, 12}, {36, 4, 54, 6}, {40, 0, 60, 0}, {0, 50, 0, 50}, {5, 45, 5, 45}, {10, 40, 10, 40}, {15, 35, 15, 35}, {20, 30, 20, 30}, {25, 25, 25, 25}, {30, 20, 30, 20}, {35, 15, 35, 15}, {40, 10, 40, 10}, {45, 5, 45, 5}, {50, 0, 50, 0}, {0, 60, 0, 40}, {6, 54, 4, 36}, {12, 48, 8, 32}, {18, 42, 12, 28}, {24, 36, 16, 24}, {30, 30, 20, 20}, {36, 24, 24, 16}, {42, 18, 28, 12}, {48, 12, 32, 8}, {54, 6, 36, 4}, {60, 0, 40, 0}, {0, 70, 0, 30}, {7, 63, 3, 27}, {14, 56, 6, 24}, {21, 49, 9, 21}, {28, 42, 12, 18}, {35, 35, 15, 15}, {42, 28, 18, 12}, {49, 21, 21, 9}, {56, 14, 24, 6}, {63, 7, 27, 3}, {70, 0, 30, 0}, {0, 80, 0, 20}, {8, 72, 2, 18}, {16, 64, 4, 16}, {24, 56, 6, 14}, {32, 48, 8, 12}, {40, 40, 10, 10}, {48, 32, 12, 8}, {56, 24, 14, 6}, {64, 16, 16, 4}, {72, 8, 18, 2}, {80, 0, 20, 0}, {0, 90, 0, 10}, {9, 81, 1, 9}, {18, 72, 2, 8}, {27, 63, 3, 7}, {36, 54, 4, 6}, {45, 45, 5, 5}, {54, 36, 6, 4}, {63, 27, 7, 3}, {72, 18, 8, 2}, {81, 9, 9, 1}, {90, 0, 10, 0}, {0, 100, 0, 0}, {10, 90, 0, 0}, {20, 80, 0, 0}, {30, 70, 0, 0}, {40, 60, 0, 0}, {50, 50, 0, 0}, {60, 40, 0, 0}, {70, 30, 0, 0}, {80, 20, 0, 0}, {90, 10, 0, 0}, {100, 0, 0, 0}};

void printMatrix(int n);
void generateMatrix(int n);
void terrain_iter(int n);


#endif /* INTERPOLATIONH */